      13.95

                                                                  13.95

4.15

                                                            8.75         13.95
                                  13.95

4.50
5.75

            5.75
               16.95                                   16.75
              16.95
             16.25                        8.75
                        16.25
                 16.50

       4.15
               7.85

          11.25

 6.50
8.50
17.25  15.25
                 4.15

              54.00

       27.50

17.25  15.25
                   12.50
6.95/8.50

                 6.95/8.50
           6.95/8.50

                            12.00
